['r_shoulder_z', 'r_shoulder_y', 'r_arm_x', 'r_elbow_y', 'r_wrist_z', 'r_wrist_x', 'r_indexfinger_x']
[-24.91956329345703, 81.44794464111328, 46.55309295654297, 94.36734008789062, -59.027870178222656, 28.002716064453125, 45.66996765136719]
[-23.612140655517578, 77.74494934082031, 51.0757942199707, 90.30938720703125, -55.71215057373047, 32.36308288574219, 45.211212158203125]
[-22.208511352539062, 74.60591888427734, 54.999629974365234, 87.04606628417969, -52.717742919921875, 36.27766418457031, 44.32295227050781]
[-20.814613342285156, 71.87423706054688, 58.3519287109375, 84.37899780273438, -49.969818115234375, 39.86854553222656, 43.079071044921875]
[-19.475318908691406, 69.4474105834961, 61.1619873046875, 82.1494140625, -47.386474609375, 43.10243225097656, 41.482147216796875]
[-18.207412719726562, 67.20735931396484, 63.466976165771484, 80.2418212890625, -44.93440246582031, 46.09381103515625, 39.58992004394531]
[-17.013395309448242, 65.11408996582031, 65.31025695800781, 78.5731201171875, -42.5174560546875, 48.81880187988281, 37.444732666015625]
[-15.88779354095459, 63.11231994628906, 66.73699188232422, 77.08604431152344, -40.138336181640625, 51.336090087890625, 35.00245666503906]
[-14.82004451751709, 61.16362762451172, 67.79570007324219, 75.74459075927734, -37.731689453125, 53.653594970703125, 32.391387939453125]
[-13.795660018920898, 59.27598571777344, 68.5286636352539, 74.52427673339844, -35.293243408203125, 55.79151916503906, 29.522476196289062]
[-12.796770095825195, 57.36285400390625, 68.99668884277344, 73.41073608398438, -32.77983093261719, 57.77561950683594, 26.465835571289062]
[-11.805662155151367, 55.491973876953125, 69.24205017089844, 72.39527130126953, -30.208648681640625, 59.58805847167969, 23.262405395507812]
[-10.801620483398438, 53.60259246826172, 69.36508178710938, 71.47184753417969, -27.512451171875, 61.32289123535156, 19.807205200195312]
[-9.769062042236328, 51.71241760253906, 69.39225006103516, 70.63921356201172, -24.797378540039062, 62.81343078613281, 16.300491333007812]
[-8.699014663696289, 49.806968688964844, 69.37393951416016, 69.89957427978516, -21.897903442382812, 64.36460876464844, 12.581146240234375]
[-7.587064743041992, 47.90184020996094, 69.27923583984375, 69.25684356689453, -18.966110229492188, 65.65103149414062, 8.720184326171875]
[-6.43145751953125, 45.98573303222656, 69.14279174804688, 68.71503448486328, -15.92401123046875, 66.93949890136719, 4.8106842041015625]
[-5.234794616699219, 44.075340270996094, 68.9320297241211, 68.27914428710938, -12.757720947265625, 68.09089660644531, 0.6900177001953125]
[-3.999967575073242, 42.17478942871094, 68.6480484008789, 67.95314025878906, -9.556228637695312, 69.1820068359375, -3.4689483642578125]
[-2.7316417694091797, 40.27796936035156, 68.26152038574219, 67.7431411743164, -6.18585205078125, 70.19540405273438, -7.727813720703125]
[-1.4288787841796875, 38.41876220703125, 67.78716278076172, 67.65067291259766, -2.8496551513671875, 71.12803649902344, -12.115875244140625]
[-0.09691429138183594, 36.58583068847656, 67.218505859375, 67.68036651611328, 0.6960601806640625, 72.0361328125, -16.545089721679688]
[1.2665672302246094, 34.77032470703125, 66.56101989746094, 67.83303833007812, 4.182891845703125, 72.8170166015625, -21.031448364257812]
[2.655120849609375, 33.045127868652344, 65.81587982177734, 68.10966491699219, 7.8379974365234375, 73.61427307128906, -25.69097900390625]
[4.069480895996094, 31.341815948486328, 64.98434448242188, 68.51228332519531, 11.452789306640625, 74.29377746582031, -30.196853637695312]
[5.505367279052734, 29.724254608154297, 64.07049560546875, 69.04181671142578, 15.164581298828125, 75.0174560546875, -35.0443115234375]
[6.958538055419922, 28.183246612548828, 63.07026672363281, 69.700927734375, 18.869384765625, 75.51722717285156, -39.745361328125]
[8.425346374511719, 26.732501983642578, 61.98335647583008, 70.49037170410156, 22.620574951171875, 76.22222900390625, -44.55833435058594]
[9.898185729980469, 25.39242935180664, 60.808441162109375, 71.41072082519531, 26.353073120117188, 76.66909790039062, -49.4893798828125]
[11.375846862792969, 24.139591217041016, 59.54487609863281, 72.46537780761719, 30.119033813476562, 77.16683959960938, -54.292724609375]
[12.84518814086914, 23.053451538085938, 58.19306182861328, 73.65406036376953, 33.847869873046875, 77.597900390625, -59.34648895263672]
[14.30645751953125, 22.08647918701172, 56.754112243652344, 74.98099517822266, 37.600067138671875, 77.98873901367188, -64.30672454833984]
[15.749385833740234, 21.27121353149414, 55.22840881347656, 76.44905090332031, 41.277069091796875, 78.33804321289062, -69.37940216064453]
[17.165931701660156, 20.61722183227539, 53.621280670166016, 78.06294250488281, 45.017425537109375, 78.62527465820312, -74.46639251708984]
[18.541946411132812, 20.128761291503906, 51.93447494506836, 79.82672119140625, 48.62791442871094, 78.92901611328125, -79.61095428466797]
[19.901126861572266, 19.951141357421875, 50.178218841552734, 81.73733520507812, 52.283477783203125, 79.09170532226562, -84.8014907836914]
[21.159534454345703, 19.72022247314453, 48.358734130859375, 83.83343505859375, 55.84678649902344, 79.27957153320312, -90.03291320800781]
[22.434402465820312, 19.817169189453125, 46.46913528442383, 86.08552551269531, 59.395294189453125, 79.39193725585938, -95.31381225585938]
[23.566940307617188, 20.113399505615234, 44.57170486450195, 88.52741241455078, 62.895233154296875, 79.47415161132812, -100.63978576660156]
[24.704410552978516, 20.624649047851562, 42.623348236083984, 91.15223693847656, 66.34828186035156, 79.460693359375, -106.01881408691406]
[25.711978912353516, 21.34827423095703, 40.68339538574219, 93.98619842529297, 69.75448608398438, 79.53060913085938, -111.44511413574219]
[26.690563201904297, 22.290267944335938, 38.74061584472656, 97.02880859375, 73.1343994140625, 79.37704467773438, -116.91608428955078]
[27.575397491455078, 23.446300506591797, 36.84202194213867, 100.29569244384766, 76.43661499023438, 79.28952026367188, -122.43988037109375]
[28.406848907470703, 24.812763214111328, 34.99471664428711, 103.79013061523438, 79.7559814453125, 79.097900390625, -128.00942993164062]
[29.17066192626953, 26.379650115966797, 33.22471618652344, 107.51722717285156, 82.94964599609375, 78.98876953125, -133.62423706054688]
[29.894515991210938, 28.13824462890625, 31.55194091796875, 111.47216796875, 86.21029663085938, 78.63235473632812, -139.28213500976562]
[30.544342041015625, 30.067276000976562, 30.005325317382812, 115.65196990966797, 89.38592529296875, 78.38677978515625, -144.97825622558594]
[31.23302459716797, 32.15188217163086, 28.560571670532227, 120.0233154296875, 92.56790161132812, 78.05853271484375, -150.70933532714844]
[31.82327651977539, 34.360313415527344, 27.271696090698242, 124.56871795654297, 95.70281982421875, 77.7196044921875, -156.46408081054688]
[32.423545837402344, 36.660606384277344, 26.092844009399414, 129.24197387695312, 98.86859130859375, 77.36001586914062, -162.2313690185547]
[32.99999237060547, 38.99993133544922, 25.000022888183594, 133.9998779296875, 101.99990844726562, 77.0, -167.99978637695312]
