['r_shoulder_z', 'r_shoulder_y', 'r_arm_x', 'r_elbow_y', 'r_wrist_z', 'r_wrist_x', 'r_indexfinger_x']
[-19.392987369955286, 79.96364083254173, 53.22299420093993, 90.89120126323029, -125.13568969897167, 8.287373594525832, -177.0]
[-19.692523362464176, 76.85602635582177, 53.23205812047664, 88.95490078436946, -125.01902775685093, 11.10424102616249, -177.0]
[-19.871152681518605, 73.94621917805779, 53.12903545919905, 87.19884836527105, -124.45188425788105, 15.212520138699723, -177.0]
[-19.93801592463684, 71.21908723606398, 52.891416613540216, 85.60961996162004, -123.64049734496088, 20.427409626367403, -177.0]
[-19.886353764272965, 68.65035610430515, 52.55115916864395, 84.17944232341696, -122.58857956435652, 26.61842063335701, -177.0]
[-19.70473814613806, 66.21019097071552, 52.16510947245912, 82.8967671905922, -121.32107447089854, 33.59216415962894, -177.0]
[-19.406477603295485, 63.88816879282738, 51.723168480034865, 81.76058118959482, -119.83156470930443, 41.25301963802559, -177.0]
[-19.00630344849892, 61.67984667098865, 51.20915041806326, 80.77449874894381, -118.08699397352417, 49.592566487574985, -177.0]
[-18.511944981756244, 59.57792273818416, 50.62533454597863, 79.93756881740937, -116.0853479602047, 58.54519059083381, -177.0]
[-17.931809819944537, 57.5798707530756, 49.97876584561576, 79.25703310904657, -113.8301162252032, 68.25951963834079, -177.0]
[-17.273305708682898, 55.68484436927744, 49.276453123177205, 78.73721996745684, -111.34471860992056, 78.82013405715276, -177.0]
[-16.54120757483691, 53.887254985664924, 48.52337686380246, 78.36829178147997, -108.67266862917643, 89.9701949224884, -177.0]
[-15.740575510162845, 52.181098583140304, 47.72397537362312, 78.13980004679132, -105.85656463732302, 101.438387346175, -177.0]
[-14.876767948722163, 50.559912219237795, 46.882334932442205, 78.04124760546927, -102.93564336379038, 112.95032488815744, -177.0]
[-13.955393472623749, 49.016896535635176, 46.00245181111351, 78.06252111045539, -99.94423286610011, 124.2373481190887, -177.0]
[-12.98221509439582, 47.54516388034832, 45.08848151543384, 78.19417739901401, -96.91097280142718, 135.0427289334059, -177.0]
[-11.963012369834134, 46.13804308802637, 44.144914136499395, 78.42759256956148, -93.85860935171712, 145.1257407831109, -177.0]
[-10.903412223054483, 44.78938878483272, 43.176645222178436, 78.75501131677483, -90.80420139531257, 154.26430642190192, -177.0]
[-9.808723773370142, 43.49388289233458, 42.18895649253512, 79.16953418382313, -87.75965596817518, 162.25672329829015, -177.0]
[-8.683765213714048, 42.247268620983945, 41.18739736113728, 79.66509300784446, -84.73239708269003, 168.92330434948443, -177.0]
[-7.532710021792872, 41.046528934075795, 40.177612187557564, 80.23644904756011, -81.72612174873316, 174.10807723208933, -177.0]
[-6.358983366175532, 39.890026825194, 39.165169958015426, 80.87922659941916, -78.74161404575884, 177.68061614869148, -177.0]
[-5.165175571687976, 38.77756859442939, 38.15540058722646, 81.59001508449293, -75.77745924575116, 179.53824163705548, -177.0]
[-3.9557247210313835, 37.72410276177875, 37.15394116441161, 82.38440529892674, -72.84176655272218, 180.03673554095144, -177.0]
[-2.7267263185915995, 36.71568699041458, 36.1767027113252, 83.2396070651505, -69.8950672488911, 178.66067824540525, -177.0]
[-1.4816104281897144, 35.81514653240214, 35.27735688173038, 84.23762066261033, -66.96767291054259, 177.5512468991263, -177.0]
[-0.07215676248887981, 34.91992114168899, 34.984126994844715, 85.30236400589392, -63.78736540441599, 176.96897197330114, -177.0]
[1.3422667586970893, 34.12151100324409, 34.688481965320676, 86.47926677872731, -60.61479525034104, 175.910236103374, -177.0]
[2.763531746761042, 33.449069024110685, 34.45093872482309, 87.8013961011442, -57.319238775168934, 175.4936945957045, -177.0]
[4.202231920589259, 32.86262433175954, 34.265992667013236, 89.21792912870127, -53.89382823021526, 174.50805193821753, -177.0]
[5.631336390201992, 32.42315746802049, 34.128421268587346, 90.78059673517524, -50.030064197293996, 174.40664429017033, -177.0]
[7.0701302850762024, 32.06790756503551, 34.01027754153055, 92.42597801547176, -45.98052257225908, 173.42725864951785, -177.0]
[8.49219081134188, 31.877896706242684, 33.93804191009753, 94.22517415030514, -41.336495088879346, 173.7817987247658, -177.0]
[9.92638636746828, 31.752822602891865, 33.855752604884415, 96.08819584789221, -36.610230115201176, 172.6034588040291, -177.0]
[11.33089025390867, 31.82919157393003, 33.81774571729844, 98.12670671582417, -31.05546348265314, 173.6459873983839, -177.0]
[12.758027738065532, 31.92928274167878, 33.737945489352825, 100.1998552869567, -25.656955086644317, 171.88426315453484, -177.0]
[14.149558180694617, 32.28488249685536, 33.73549274386489, 102.48665807385605, -19.13688925081025, 174.02284025606502, -177.0]
[15.597438270857236, 32.575465083004815, 33.67266200811344, 104.76224715289233, -13.31271971791167, 171.01857915683112, -177.0]
[17.001907900843737, 33.21930996623548, 33.74437234454108, 107.31666767109162, -5.86161894741171, 174.95613650317307, -177.0]
[18.50301422558331, 33.65844783385271, 33.71413395932712, 109.79437361819377, 0.1660178592572225, 169.6942972647973, -177.0]
[19.94500730195267, 34.62630358553803, 33.895233191824964, 112.6525511277085, 8.720038679363224, 176.5776919358139, -177.0]
[21.526544667801065, 35.172454617068155, 33.90013920481121, 115.34040812651398, 14.894711460437867, 167.5360369795951, -177.0]
[23.10793096930098, 35.69739554374299, 33.733454796470376, 118.13090177864669, 20.574592857654206, 151.33198344470603, -177.0]
[24.720258745096675, 36.43549798507747, 33.65031467893888, 121.20233848755537, 26.608170010870666, 136.96240750561665, -177.0]
[26.367627506351035, 37.38906252595482, 33.65076300052726, 124.5684620265192, 32.99975724149976, 124.19364251452873, -177.0]
[28.058016788371216, 38.566519526509815, 33.73667413119745, 128.25287773389064, 39.76613973388318, 112.75659148943711, -177.0]
[29.804249686050394, 39.9847509123789, 33.91332867353289, 132.29395143051823, 46.93750107507011, 102.33855605049798, -177.0]
[31.62608735555427, 41.67278456423314, 34.191985487116014, 136.75272715347126, 54.55496423007148, 92.563989896128, -177.0]
[33.554864843398, 43.678174906908986, 34.59482258481524, 141.72718676065338, 62.657910457376474, 82.95195314240384, -177.0]
[35.64429707799058, 46.0783443670322, 35.165868905304336, 147.38016496420101, 71.23302288332381, 72.81560920122199, -177.0]
[38.0, 49.0, 36.0, 154.0, 80.0, 61.0, -177.0]
